,0,1,2,3
0,1000,0.1,1804257.874476,23019145.69267
1,1000,0.01,1012375.364134,41158502.52915
2,1000,0.001,565355.1600612,73462626.35319
3,1000,0.0001,317222.7451947,131352037.6867
4,1000,1e-05,177151.2052293,234446470.8941
5,1000,1e-06,99400.15693798,419193040.1766
6,1000,1e-07,55509.44208377,748205590.2849
7,1000,1e-08,31146.54087437,1337800372.393
8,1000,1e-09,17393.60540316,2387801374.007
9,1000,1e-10,9759.612442567,4269416867.26
10,1050,0.1,10989970.26675,100992109.6994
11,1050,0.01,6195264.060266,176287528.4441
12,1050,0.001,3639302.745178,304976079.36
13,1050,0.0001,2051547.087815,532353264.2719
14,1050,1e-05,679364.9815878,1607600948.717
15,1050,1e-06,399081.4304691,2781137377.263
16,1050,1e-07,224970.112056,4854635039.8
17,1050,1e-08,132154.8748727,8398481583.911
18,1050,1e-09,74498.32224374,14660032011.16
19,1050,1e-10,43762.77526154,25361743540.82
20,1100,0.1,32256347.94181,664088443.0288
21,1100,0.01,19827519.02076,1117030010.154
22,1100,0.001,11231921.49547,1907159685.844
23,1100,0.0001,6904102.647848,3207938077.364
24,1100,1e-05,3911045.998172,5477068762.82
25,1100,1e-06,2404064.438025,9212703879.288
26,1100,1e-07,837114.7007775,26457466047.73
27,1100,1e-08,474209.9396733,45172119079.22
28,1100,1e-09,291490.1161464,75981765918.16
29,1100,1e-10,165123.7402268,129727365861.6
30,1150,0.1,93425988.08153,3668789516.76
31,1150,0.01,53194190.048,6137056936.218
32,1150,0.001,34058586.00374,10063843685.9
33,1150,0.0001,19392022.84985,16834539406.88
34,1150,1e-05,12416109.31174,27606094397.69
35,1150,1e-06,7069391.412909,46178766135.54
36,1150,1e-07,4526311.527596,75726180932.77
37,1150,1e-08,1650073.749425,207724221879.1
38,1150,1e-09,939506.6441993,347475746591.2
39,1150,1e-10,601536.8942473,569807585813.0
40,1200,0.1,387660065.6583,10952560841.61
41,1200,0.01,221888204.8389,17976844198.25
42,1200,0.001,84363225.34289,47281853761.55
43,1200,0.0001,56038820.18557,75766592555.82
44,1200,1e-05,32075403.92248,124358517547.7
45,1200,1e-06,21306295.32467,199277743556.7
46,1200,1e-07,12195260.82517,327081949053.2
47,1200,1e-08,4636711.262483,860275624499.7
48,1200,1e-09,3079965.564324,1378544779566.0
49,1200,1e-10,1762905.414063,2262656656387.0
50,1250,0.1,827633079.9882,48474053372.64
51,1250,0.01,568357980.7739,76060132581.21
52,1250,0.001,327081544.9498,122656660457.2
53,1250,0.0001,129263002.9032,310365139719.6
54,1250,1e-05,88768394.32368,486990709868.5
55,1250,1e-06,51084887.51139,785334604294.1
56,1250,1e-07,35081371.61741,1232260351776.0
57,1250,1e-08,13864198.44981,3118058602032.0
58,1250,1e-09,7978639.506579,5028266995454.0
59,1250,1e-10,5479147.192883,7889801364575.0
60,1300,0.1,1978911066.963,186959403085.1
61,1300,0.01,1158489906.272,296574678984.0
62,1300,0.001,810497109.5488,456480384152.9
63,1300,0.0001,474479493.3972,724117220734.1
64,1300,1e-05,194331248.3628,1768005787269.0
65,1300,1e-06,135957088.8568,2721270617185.0
66,1300,1e-07,79591709.72602,4316765804880.0
67,1300,1e-08,32598155.56342,10539822355650.0
68,1300,1e-09,22806164.09064,16222632798170.0
69,1300,1e-10,13351136.10464,25734046962720.0
70,1350,0.1,6291850046.403,431197311201.7
71,1350,0.01,2663556311.631,1018573856249.0
72,1350,0.001,1590597177.872,1591098800365.0
73,1350,0.0001,1127574906.392,2406074137950.0
74,1350,1e-05,477341201.5968,5683625890246.0
75,1350,1e-06,285054070.6108,8878305928497.0
76,1350,1e-07,202074932.4811,13425855232610.0
77,1350,1e-08,85545262.68052,31714540953460.0
78,1350,1e-09,51085105.17961,49540803271250.0
79,1350,1e-10,36214249.52208,74916052303790.0
80,1400,0.1,11220030031.61,1446466380277.0
81,1400,0.01,8051791674.099,2152032970732.0
82,1400,0.001,3514866065.957,4929838234739.0
83,1400,0.0001,2138092655.723,7590595350773.0
84,1400,1e-05,1534352101.609,11293184267690.0
85,1400,1e-06,669794050.2398,25870221975370.0
86,1400,1e-07,407435651.7388,39833027921600.0
87,1400,1e-08,177858771.0774,91248774616790.0
88,1400,1e-09,127636181.594,135758674222200.0
89,1400,1e-10,77641078.01544,209031012324200.0
90,1450,0.1,22582403158.68,4329173645328.0
91,1450,0.01,13975201624.94,6576102319326.0
92,1450,0.001,10143775776.41,9637746969734.0
93,1450,0.0001,4556476408.617,21455865104510.0
94,1450,1e-05,2819791866.484,32591892666450.0
95,1450,1e-06,1266620590.03,72557126659660.0
96,1450,1e-07,919365296.1232,106337639000200.0
97,1450,1e-08,412969150.0779,236732265051200.0
98,1450,1e-09,255567460.9007,359601048498500.0
99,1450,1e-10,114798209.6455,800555085204500.0
100,1500,0.1,59200579652.93,8332091485247.0
101,1500,0.01,27311221718.76,18060877964890.0
102,1500,0.001,17175334197.48,27087599974520.0
103,1500,0.0001,7923560331.576,58715848745250.0
104,1500,1e-05,5812613863.809,84861066545490.0
105,1500,1e-06,2681554677.645,183947233753000.0
106,1500,1e-07,1686361742.822,275882968006000.0
107,1500,1e-08,777975578.0582,598011513493600.0
108,1500,1e-09,570712127.8358,864296059035400.0
109,1500,1e-10,263288828.5831,1873470164158000.0
