,0,1,2,3
0,1000,0.1,464246800.0322,23019145.69267
1,1000,0.01,231880967.58,41158502.52915
2,1000,0.001,145469407.4844,73462626.35319
3,1000,0.0001,72658738.75237,131352037.6867
4,1000,1e-05,45582109.5844,234446470.8941
5,1000,1e-06,22767251.54331,419193040.1766
6,1000,1e-07,14282925.53092,748205590.2849
7,1000,1e-08,7134004.136714,1337800372.393
8,1000,1e-09,4475483.113327,2387801374.007
9,1000,1e-10,2235404.432712,4269416867.26
10,1050,0.1,2129056890.91,100992109.6994
11,1050,0.01,1100138574.007,176287528.4441
12,1050,0.001,705032170.2924,304976079.36
13,1050,0.0001,364308295.2458,532353264.2719
14,1050,1e-05,120639833.1204,1607600948.717
15,1050,1e-06,77312954.36061,2781137377.263
16,1050,1e-07,39949596.32939,4854635039.8
17,1050,1e-08,25602002.56874,8398481583.911
18,1050,1e-09,13229214.64157,14660032011.16
19,1050,1e-10,8478042.790397,25361743540.82
20,1100,0.1,4539858802.686,664088443.0288
21,1100,0.01,2965605038.486,1117030010.154
22,1100,0.001,1580815590.342,1907159685.844
23,1100,0.0001,1032647684.194,3207938077.364
24,1100,1e-05,550452786.9378,5477068762.82
25,1100,1e-06,359576283.9734,9212703879.288
26,1100,1e-07,125207373.1753,26457466047.73
27,1100,1e-08,66741782.85021,45172119079.22
28,1100,1e-09,43598220.96861,75981765918.16
29,1100,1e-10,23240029.09721,129727365861.6
30,1150,0.1,11025710095.27,3668789516.76
31,1150,0.01,6048067372.291,6137056936.218
32,1150,0.001,4019439379.929,10063843685.9
33,1150,0.0001,2204832156.295,16834539406.88
34,1150,1e-05,1465292736.796,27606094397.69
35,1150,1e-06,803774914.5175,46178766135.54
36,1150,1e-07,534174694.4514,75726180932.77
37,1150,1e-08,194734196.3838,207724221879.1
38,1150,1e-09,106819926.1344,347475746591.2
39,1150,1e-10,70990646.71163,569807585813.0
40,1200,0.1,36787238143.46,10952560841.61
41,1200,0.01,20721565348.6,17976844198.25
42,1200,0.001,7878463347.98,47281853761.55
43,1200,0.0001,5317837985.846,75766592555.82
44,1200,1e-05,2995438983.879,124358517547.7
45,1200,1e-06,2021873870.76,199277743556.7
46,1200,1e-07,1138883851.918,327081949053.2
47,1200,1e-08,433010462.7213,860275624499.7
48,1200,1e-09,292275199.4085,1378544779566.0
49,1200,1e-10,164633169.225,2262656656387.0
50,1250,0.1,64412594399.75,48474053372.64
51,1250,0.01,44092246677.05,76060132581.21
52,1250,0.001,25455931446.96,122656660457.2
53,1250,0.0001,10060213380.42,310365139719.6
54,1250,1e-05,6886501181.588,486990709868.5
55,1250,1e-06,3975807875.545,785334604294.1
56,1250,1e-07,2721553146.056,1232260351776.0
57,1250,1e-08,1075560888.218,3118058602032.0
58,1250,1e-09,620957332.0897,5028266995454.0
59,1250,1e-10,425062853.3234,7889801364575.0
60,1300,0.1,127345714630.6,186959403085.1
61,1300,0.01,75229874752.07,296574678984.0
62,1300,0.001,52156630444.6,456480384152.9
63,1300,0.0001,30811690677.99,724117220734.1
64,1300,1e-05,12619458361.78,1768005787269.0
65,1300,1e-06,8749029701.5,2721270617185.0
66,1300,1e-07,5168516293.686,4316765804880.0
67,1300,1e-08,2116854644.162,10539822355650.0
68,1300,1e-09,1467608255.688,16222632798170.0
69,1300,1e-10,866994057.8824,25734046962720.0
70,1350,0.1,340211298078.9,431197311201.7
71,1350,0.01,144023130906.2,1018573856249.0
72,1350,0.001,86930077746.05,1591098800365.0
73,1350,0.0001,60969938238.3,2406074137950.0
74,1350,1e-05,25810667999.93,5683625890246.0
75,1350,1e-06,15578909574.46,8878305928497.0
76,1350,1e-07,10926540826.98,13425855232610.0
77,1350,1e-08,4625578376.564,31714540953460.0
78,1350,1e-09,2791925414.889,49540803271250.0
79,1350,1e-10,1958164471.186,74916052303790.0
80,1400,0.1,522057766152.3,1446466380277.0
81,1400,0.01,370042383886.5,2152032970732.0
82,1400,0.001,161535395163.7,4929838234739.0
83,1400,0.0001,99483492814.76,7590595350773.0
84,1400,1e-05,70515387155.71,11293184267690.0
85,1400,1e-06,30782225778.68,25870221975370.0
86,1400,1e-07,18957598080.29,39833027921600.0
87,1400,1e-08,8275594820.084,91248774616790.0
88,1400,1e-09,5865858301.55,135758674222200.0
89,1400,1e-10,3612556794.413,209031012324200.0
90,1450,0.1,891184633687.9,4329173645328.0
91,1450,0.01,559320408928.0,6576102319326.0
92,1450,0.001,400310639575.6,9637746969734.0
93,1450,0.0001,179815250153.5,21455865104510.0
94,1450,1e-05,112854653203.7,32591892666450.0
95,1450,1e-06,50693082390.55,72557126659660.0
96,1450,1e-07,36281463425.33,106337639000200.0
97,1450,1e-08,16297208237.67,236732265051200.0
98,1450,1e-09,10228355967.1,359601048498500.0
99,1450,1e-10,4594439132.422,800555085204500.0
100,1500,0.1,2024707903353.0,8332091485247.0
101,1500,0.01,934065813541.1,18060877964890.0
102,1500,0.001,596741781194.1,27087599974520.0
103,1500,0.0001,275296964677.2,58715848745250.0
104,1500,1e-05,198795845395.2,84861066545490.0
105,1500,1e-06,91711059697.69,183947233753000.0
106,1500,1e-07,58590936122.32,275882968006000.0
107,1500,1e-08,27029850474.54,598011513493600.0
108,1500,1e-09,19518517431.13,864296059035400.0
109,1500,1e-10,9004389061.168,1873470164158000.0
